186 nu-ltnntcrus

Basilius. pag. 112151. 181. 185. 103. isidorus. 003.33.110.150.173.187.215.
101. 105. 211. 212. 213. 211215. 211211. 217. 270. 330. 130. 180180. 107. 511531.
215. 250262. 260. 270. 275. 278. 270. 201. 511688. 571583. 521. 607. 610. 620. 612.
305. 208. 317. 385. 336. 387. 105.178. 177. 013. 683. 086. 605. 711712 713. 711. 716.
178. seq. 185.106.107. 510. 560. 570. 502. 757. 778 770. 818. 860. 870. 878. 870. 880.
503. 501. 605. 606. 607. oto 617. 010. 626. «003. 006. 007. 052. 001. 1020. 1013. 1011.
832. 662. 721. 722 723. 726. 770. 780. 781. 1060. 1087.

705. 706. 815. 836. 837. 817. 876. 807. 000. liuterius pa'g. 161. 210. 271. 507. 700.
601. 033. 050. 051. 052 088. 1011. 1021. 800. 810. 866. 868.- 030. 817.

10551056. 10511072. 1073. 10701080. 11031010000303105. 112 227. 2212230.
1000. 1002. 1003. 1001. 1005. 11051100. 210 250. 282. 325. 385. 100. 100. 138. 150.
1107. 161520. 523. 837. 515. 572. 578. 581. 500.

Beda. 003. 562 815. 008. 010. 618. 852. 873. 671. 681680700.

Benedictus. 003. 70. 87. 00. 133. 010. per 716. 731. 752. 750. 772. seq. 771. 838. 810.
totum librum. 855. 801. 871. 872. 918. 026. 031. 072 007.

Caesarius Episcopus. pag. 171.· 307. 300. l). 068. b. 071. b. 003. 1001. 10301061.
181. 527. 528. 520. 628. 653. 600. 670. 681. 1001. 10671088. 10601087.

781. 1070. 1087. Orientalium regula.pag.1as.tau.tsstst

Cassianus. pag. 266. 268. 276. 281. 205. 120. 133 182. 572 505. 625. 600. 750750.
207. 301. 307. 311. 315. 322. 323. 321. 360. 882. 071. 103010121050. 1081.

b· 305. 100. 111. 150 103. 511. 558. 550. 0001000003.86.163.166.167.160.170.
621. 613. 615 008. 750. 781. 782. 701. 826. ffld. 132. 615. 876. 007. 1076.
827. 011831067060060070.10501071. Pachomiua. pag. 102100210211127.

Cassiodorus. pag. 381. 1020130171. 172 1701071175. 170102

’ colomanus. pag. 00. 0000000000. 00000070. sor. coenos. 01000000.
00.. sss. 000. sos. sos. 00. rosa. 1101. 000. satuentes. 150000. resno.
0030000000003000.10000000. sla. 00.. sanasset. 0100000000.

200. 201. 130168. 180501. 500510. 515. 1015. 1017. 1051. 1052. 1053. 10511051.
572. 573. 570. 800610. 620. 652. 072. 886. 1076. ..

703. 717. 720. 761. 785. 800. 1020 1000. Regula Petrum: pag. 161. 162. 108. ata
101210011068. 107. 105. 515. 500. 601. 676. 6011761701

Cuiusdam (70100001080001001, regula 811812. 855. 867 801. 027. 015. 1000.
08 Sorores.) pag. 620. 1010. 1050. 1082. 1005.

llonatus. 003. 255. 280. 560. 883. Aliorum 2010000003. 678. 767. 015.

00000100,οἰνο Ferreolus. pag. 06. 171. cujusdamsatrtcpag.198.sat.raa.8et
220. 235. 303. 305. 120. 105. 502. 501. 505. Paulus etstephauus. pag. 85. 107. 216.
510. 520. 580. 622. 635. 713. 733. 823. 821. 388. 180. 501. 610. 777. 778. 780. 700. 315.
0000000100531012.108010851000. 716. 817. 851. 018. 1016. 1067.

S. Fructuosus Episcopus. pag. 111130. Tarnatensis regula. pag. 121. 511. tlt
171. 211. 270. 271. 272. 275, 281. 300. 313. 561. 505. 837. 660. 008. 783 820. 800870.
363. b. 116. tta„ 117. 150161. 181. 500. 882015. 005.1016.1058. 1100Δ 1101.
517. 537. 512. 510572. 577. 608. 620621. Valerius. pag. 120.
seq. 661. 671. 682. 681. 606. 720. 732. 717. lu Bibliothecae Patrum supplemento (lo-
758. 575. 776. 821. 832. 868. 880. 011. 013. tunlensi torn. Ι, pag. 706 seq. et 1010310-
027. 055. 056. 1026. 1027. 1038. ucnsi editione An. 1672 tom. tx, pag. 655

Fructuosus alter. pectit. 170732. 703. seq. post ltegnlamS. Benedicti alia subejus
058. 060. 061. ¹ nomine opuscula leguntur, sed quae longe

Gregorius Nazianzenus. 003. 550. minoris auctoritatis sunt, ut Ept'stolc 080.

Hieronymus. pag. 116. 032. 10101025. sangermanensi antistitem: 800000 io

llorsiesis, vide Orsiesis. , Ι 00νο 6. Placidi, allusio tricennalium

 

